Camera:
  fx: 959.1977
  fy: 952.9324
  cx: 694.4383
  cy: 241.6793

  k1: -0.3725637
  k2: 0.1979803
  k3: -0.06608481
  p1: 0.000179997
  p2: 0.001250593

Extrinsic:
  delX: 0
  delY: 0
  delZ: 0.08
