Camera:
  fx: 707.0912
  fy: 707.0912
  cx: 601.8873
  cy: 183.1104

  k1: -3.792567e-01
  k2: 2.121203e-01
  k3: -7.605535e-02
  p1: 9.182571e-04
  p2: 1.911304e-03

Extrinsic:
  delX: -7.137748e-03
  delY: -7.482656e-02
  delZ: -3.336324e-01

  r11: 7.027555e-03
  r12: -9.999753e-01
  r13: 2.599616e-05
  r21: -2.254837e-03
  r22: -4.184312e-05
  r23: -9.999975e-01
  r31: 9.999728e-01
  r32: 7.027479e-03
  r33: -2.255075e-03