Camera:
  fx: 730.617807179727
  fy: 731.2502851701612
  cx: 335.1539179332822
  cy: 256.15500058538953

  k1: -0.3370792140385211
  k2: 0.12848011803681716
  k3: 0.012402628238191207
  p1: -0.001618208242720009
  p2: 0.0008113530876134809

Extrinsic:
  delX: 0
  delY: 0
  delZ: 0.08
